N_OUTLET = 3
N_INLET = 1
INLET = 0.0000001
OUTLET = 0
PIPE_AREA = 0.00000025
VISCOSITY = 0.001