N_OUTLET = 5
N_INLET = 1
INLET_FLOW = 0.0000001
INLET_PRESSURE = 100
OUTLET = 0
PIPE_AREA = 0.00000025
VISCOSITY = 0.001